STAT_DATE,ETF_TYPE,SEC_CODE,NUM,SEC_NAME,TOT_VOL
2025-03-14,单市,510010,1,治理ETF,15152.44
2025-03-14,单市,510020,2,超大ETF,4154.8
2025-03-14,单市,510030,3,价值ETF,19172.98
2025-03-14,单市,510040,4,上证180E,21648
2025-03-14,单市,510050,5,50ETF,5310966.68
2025-03-14,单市,510060,6,央企ETF,5595.92
2025-03-14,单市,510090,7,ESG建信,3158.11
2025-03-14,单市,510100,8,SZ50ETF,145580.68
2025-03-14,单市,510130,9,中盘ETF,3988.51
2025-03-14,单市,510150,10,消费ETF,338317.86
2025-03-14,单市,510160,11,产业升级,28805.74
2025-03-14,单市,510170,12,商品ETF,18691.48
2025-03-14,单市,510180,13,180ETF,584955.77
2025-03-14,单市,510190,14,上证50基,5265.08
2025-03-14,单市,510200,15,上证券商,13388.55
2025-03-14,单市,510210,16,综指ETF,593319.26
2025-03-14,单市,510230,17,金融ETF,351480.8
2025-03-14,单市,510270,18,国企ETF,2183.21
2025-03-14,单市,510290,19,380ETF,8444.89
2025-03-14,跨市,510300,20,300ETF,8561928.77
2025-03-14,跨市,510310,21,HS300ETF,6192514.4
2025-03-14,跨市,510330,22,华夏300,3998544.98
2025-03-14,跨市,510350,23,工银300,109721.47
2025-03-14,跨市,510360,24,广发300,603838.12
2025-03-14,跨市,510370,25,兴业300,13225.81
2025-03-14,跨市,510380,26,国寿300,150980.24
2025-03-14,跨市,510390,27,平安300,13835
2025-03-14,单市,510410,28,资源ETF,33025.84
2025-03-14,跨市,510500,29,500ETF,1656096.86
2025-03-14,跨市,510510,30,广发500,109503.83
2025-03-14,跨市,510530,31,工银500,5847.94
2025-03-14,跨市,510550,32,方正500,2174.33
2025-03-14,跨市,510560,33,国寿500,12831.87
2025-03-14,跨市,510570,34,兴业500,2556.06
2025-03-14,跨市,510580,35,ZZ500ETF,107016.83
2025-03-14,跨市,510590,36,平安500,11598.61
2025-03-14,单市,510600,37,沪50ETF,1541.51
2025-03-14,单市,510630,38,消费30,50936.15
2025-03-14,单市,510650,39,金融行业,1495.25
2025-03-14,单市,510660,40,医药行业,4137.97
2025-03-14,单市,510680,41,万家50,4272.47
2025-03-14,单市,510710,42,上50ETF,17331.89
2025-03-14,单市,510720,43,红利国泰,177676.6
2025-03-14,单市,510760,44,上证ETF,208750.37
2025-03-14,单市,510770,45,G60创新,3061.07
2025-03-14,单市,510800,46,上证50,45057.6
2025-03-14,单市,510810,47,上海国企,920499.37
2025-03-14,单市,510850,48,工银上50,7669.89
2025-03-14,单市,510880,49,红利ETF,728617.57
2025-03-14,跨境,510900,50,H股ETF,891502.19
2025-03-14,单市,510950,51,上证广发,9045
2025-03-14,单市,510980,52,上证综合,28779.8
2025-03-14,单市,510990,53,ESG180,5294.86
2025-03-14,单市,511010,54,国债ETF,1862.63
2025-03-14,单市,511020,55,活跃国债,1137.25
2025-03-14,单市,511030,56,公司债,106980.71
2025-03-14,单市,511060,57,XD5年地,799.63
2025-03-14,单市,511070,58,沪公司债,3005.1
2025-03-14,单市,511090,59,30年国债,13254.81
2025-03-14,单市,511100,60,基准国债,480.05
2025-03-14,单市,511110,61,公司债易,3564.96
2025-03-14,单市,511130,62,国债30年,4629.97
2025-03-14,单市,511160,63,国债东财,3211.09
2025-03-14,单市,511180,64,上证转债,45535.97
2025-03-14,单市,511190,65,信用债,3216.43
2025-03-14,单市,511200,66,信用债基,2720.75
2025-03-14,单市,511220,67,XD城投,143388.14
2025-03-14,单市,511260,68,十年国债,2212.65
2025-03-14,单市,511270,69,XD10年地,1463.75
2025-03-14,单市,511360,70,短融ETF,22367.06
2025-03-14,单市,511380,71,转债ETF,319388.67
2025-03-14,单市,511520,72,政金债,33124.65
2025-03-14,单市,511580,73,国债政金,527.48
2025-03-14,跨市,512000,74,券商ETF,2336641.77
2025-03-14,跨市,512010,75,医药ETF,6309169.49
2025-03-14,跨市,512020,76,A500,410001.27
2025-03-14,跨市,512040,77,国信价值,220071.59
2025-03-14,跨市,512050,78,A500E,2053999.22
2025-03-14,跨市,512070,79,证券保险,1032147.97
2025-03-14,跨市,512080,80,A500中金,143918.61
2025-03-14,跨市,512090,81,MSCI易基,26559.23
2025-03-14,跨市,512100,82,1000ETF,2127921.76
2025-03-14,跨市,512120,83,医药50,85024.19
2025-03-14,跨市,512150,84,A50ETF,8307.34
2025-03-14,跨市,512160,85,MSCI基金,24977.78
2025-03-14,跨市,512170,86,医疗ETF,7442482.05
2025-03-14,跨市,512180,87,建信MSCI,6804.8
2025-03-14,跨市,512190,88,之江凤凰,3141.84
2025-03-14,跨市,512200,89,地产ETF,429084.79
2025-03-14,跨市,512220,90,TMTETF,22796.76
2025-03-14,跨市,512260,91,500低波,3969.77
2025-03-14,跨市,512280,92,景顺MSCI,3400.57
2025-03-14,跨市,512290,93,生物医药,412482.07
2025-03-14,跨市,512330,94,信息ETF,55618.8
2025-03-14,跨市,512360,95,MSCI国际,4533.77
2025-03-14,跨市,512380,96,MSCI中国,9980.56
2025-03-14,跨市,512390,97,MSCI低波,16868.2
2025-03-14,跨市,512400,98,有色ETF,554353.9
2025-03-14,跨市,512480,99,半导体,1955700.36
2025-03-14,跨市,512500,100,中证500,416240.88
2025-03-14,跨市,512510,101,ETF500,65992.98
2025-03-14,跨市,512520,102,MSCIETF,6605.64
2025-03-14,跨市,512530,103,300红利,13950.2
2025-03-14,跨市,512550,104,A50基金,27690.6
2025-03-14,跨市,512560,105,中证军工,126612.7
2025-03-14,跨市,512570,106,中证证券,73180.61
2025-03-14,跨市,512580,107,环保ETF,128367.17
2025-03-14,跨市,512600,108,必选消费,71715.61
2025-03-14,跨市,512640,109,金融地产,3274.09
2025-03-14,跨市,512650,110,长三角,38294.16
2025-03-14,跨市,512660,111,军工ETF,1102408
2025-03-14,跨市,512670,112,国防ETF,454065.26
2025-03-14,跨市,512680,113,军工基金,318413.01
2025-03-14,跨市,512690,114,酒ETF,1977785.02
2025-03-14,跨市,512700,115,银行基金,81758.1
2025-03-14,跨市,512710,116,军工龙头,1096965.84
2025-03-14,跨市,512720,117,计算机,88545.34
2025-03-14,跨市,512730,118,银行FUND,5208.39
2025-03-14,跨市,512750,119,基本面50,7355.49
2025-03-14,跨市,512760,120,芯片ETF,916712.28
2025-03-14,跨市,512770,121,战略新兴,15576.78
2025-03-14,跨市,512800,122,银行ETF,517064
2025-03-14,跨市,512810,123,国防军工,53879.17
2025-03-14,跨市,512820,124,银行股基,173380.19
2025-03-14,跨市,512870,125,杭州湾区,3241.06
2025-03-14,跨市,512880,126,证券ETF,2645629.15
2025-03-14,跨市,512890,127,红利低波,1255111.08
2025-03-14,跨市,512900,128,证券基金,625390.6
2025-03-14,跨市,512910,129,100ETF,31712.88
2025-03-14,跨市,512930,130,AIETF,132213.03
2025-03-14,跨市,512950,131,央企改革,436255.1
2025-03-14,跨市,512960,132,央调ETF,404325.73
2025-03-14,跨市,512970,133,湾区ETF,5898.76
2025-03-14,跨市,512980,134,传媒ETF,314092.44
2025-03-14,跨市,512990,135,MSCIA股,15301.54
2025-03-14,跨境,513000,136,225ETF,83741.14
2025-03-14,跨境,513010,137,港股科技,1295930.7
2025-03-14,跨境,513020,138,科技HK,54314.54
2025-03-14,跨境,513030,139,德国ETF,73827.9
2025-03-14,跨境,513040,140,HK互联网,39984.13
2025-03-14,跨境,513050,141,中概互联,2581043.27
2025-03-14,跨境,513060,142,恒生医疗,3187539.33
2025-03-14,跨境,513070,143,HK消费50,22776.08
2025-03-14,跨境,513080,144,法国ETF,54391.6
2025-03-14,跨境,513090,145,香港证券,473448.8
2025-03-14,跨境,513100,146,纳指ETF,949911.06
2025-03-14,跨境,513110,147,纳指100,203943.5
2025-03-14,跨境,513120,148,HK创新药,1360263.54
2025-03-14,跨境,513130,149,恒生科技,3148834.7
2025-03-14,跨境,513140,150,港股金融,5886.8
2025-03-14,跨境,513150,151,港科技50,14255.98
2025-03-14,跨境,513160,152,科技30,104718.93
2025-03-14,跨境,513170,153,恒生央企,35857.3
2025-03-14,跨境,513180,154,恒指科技,3197875.95
2025-03-14,跨境,513190,155,H股金融,33793.6
2025-03-14,跨境,513200,156,港股医药,418028.21
2025-03-14,跨境,513210,157,恒生E,3794.2
2025-03-14,跨境,513220,158,互联网30,21410.94
2025-03-14,跨境,513230,159,H股消费,24542.27
2025-03-14,跨境,513260,160,恒科技,209824.3
2025-03-14,跨境,513280,161,恒生生物,27111.45
2025-03-14,跨境,513290,162,纳指生物,120557.21
2025-03-14,跨境,513300,163,纳斯达克,328267.1
2025-03-14,跨境,513310,164,中韩芯片,37642.7
2025-03-14,跨境,513320,165,HK新经济,18801.06
2025-03-14,跨境,513330,166,恒生互联,4422748
2025-03-14,跨境,513350,167,油气ETF,51574.6
2025-03-14,跨境,513360,168,教育ETF,94471.39
2025-03-14,跨境,513380,169,科技恒生,562478.49
2025-03-14,跨境,513390,170,纳指基金,101937.91
2025-03-14,跨境,513400,171,道琼斯,195506.2
2025-03-14,跨境,513500,172,标普500,829863.86
2025-03-14,跨境,513520,173,日经ETF,81188.72
2025-03-14,跨境,513530,174,港股红利,98693.87
2025-03-14,跨境,513550,175,港股通50,262999.2
2025-03-14,跨境,513560,176,香港科技,39838.6
2025-03-14,跨境,513580,177,HS科技,306311.8
2025-03-14,跨境,513590,178,香港消费,55141.89
2025-03-14,跨境,513600,179,恒指ETF,52682.95
2025-03-14,跨境,513630,180,香港红利,686135.9
2025-03-14,跨境,513650,181,标普ETF,259873.4
2025-03-14,跨境,513660,182,恒生通,137300.01
2025-03-14,跨境,513690,183,恒生股息,404247.99
2025-03-14,跨境,513700,184,香港医药,195084.6
2025-03-14,跨境,513730,185,东南亚,180035.5
2025-03-14,跨境,513750,186,港股非银,101983.8
2025-03-14,跨境,513770,187,港股互联,399406.89
2025-03-14,跨境,513780,188,港股新药,15165.7
2025-03-14,跨境,513800,189,东证ETF,58664.44
2025-03-14,跨境,513810,190,港股国企,3299.2
2025-03-14,跨境,513820,191,港股分红,182716.9
2025-03-14,跨境,513830,192,红利港股,69881.1
2025-03-14,跨境,513850,193,美国50,153789.26
2025-03-14,跨境,513860,194,HKC科技,193347.06
2025-03-14,跨境,513870,195,纳指指数,111167.1
2025-03-14,跨境,513880,196,日经225,106697
2025-03-14,跨境,513890,197,HK科技,30612.8
2025-03-14,跨境,513900,198,港股100,14997.8
2025-03-14,跨境,513910,199,红利央企,191427.6
2025-03-14,跨境,513920,200,央企40,234423.1
2025-03-14,跨境,513950,201,恒生红利,87811.9
2025-03-14,跨境,513970,202,恒生消费,108404.1
2025-03-14,跨境,513980,203,科技港股,1511720.4
2025-03-14,跨境,513990,204,港股通综,8200
2025-03-14,跨市,515000,205,科技ETF,235728.97
2025-03-14,跨市,515010,206,华夏证券,83027.16
2025-03-14,跨市,515020,207,华夏银基,22734.53
2025-03-14,跨市,515030,208,新汽车,371938.4
2025-03-14,跨市,515050,209,5GETF,562506.85
2025-03-14,跨市,515060,210,华夏地产,105047.81
2025-03-14,跨市,515070,211,AI智能,416897.02
2025-03-14,跨市,515080,212,中证红利,511414.89
2025-03-14,跨市,515090,213,可持续,580.17
2025-03-14,跨市,515100,214,红利100,467644.15
2025-03-14,跨市,515110,215,国企方达,21229.5
2025-03-14,跨市,515120,216,创新药,714799.36
2025-03-14,跨市,515130,217,HS300E,19946.32
2025-03-14,跨市,515150,218,国企富国,55970.32
2025-03-14,跨市,515160,219,MSCI招商,39395.51
2025-03-14,跨市,515170,220,食品饮料,556375.79
2025-03-14,跨市,515180,221,100红利,720963.7
2025-03-14,跨市,515190,222,BOCI500,7546.61
2025-03-14,跨市,515200,223,创新100,10494.32
2025-03-14,跨市,515210,224,钢铁ETF,129822.61
2025-03-14,跨市,515220,225,煤炭ETF,367067.69
2025-03-14,跨市,515230,226,软件ETF,161369.09
2025-03-14,跨市,515250,227,智能汽车,85294.45
2025-03-14,跨市,515260,228,电子ETF,51928.42
2025-03-14,跨市,515290,229,银行,287147.29
2025-03-14,跨市,515300,230,红利300,383317.52
2025-03-14,跨市,515310,231,添富300,24461.12
2025-03-14,跨市,515320,232,电子50,22030.9
2025-03-14,跨市,515330,233,天弘300,992670.95
2025-03-14,跨市,515350,234,民生300,2249.92
2025-03-14,跨市,515360,235,方正300,3777.93
2025-03-14,跨市,515380,236,泰康300,91809.98
2025-03-14,跨市,515390,237,HS300,60268.3
2025-03-14,跨市,515400,238,大数据,200263.14
2025-03-14,跨市,515450,239,红利50,474133.5
2025-03-14,跨市,515530,240,泰康500,2504.27
2025-03-14,跨市,515550,241,国联500,5934.57
2025-03-14,跨市,515560,242,证券E,23388.33
2025-03-14,跨市,515580,243,中证科技,50603.14
2025-03-14,跨市,515590,244,500ETFEW,3811.37
2025-03-14,跨市,515600,245,央企创新,130179.74
2025-03-14,跨市,515630,246,保险证券,21871.77
2025-03-14,跨市,515650,247,消费50,212718.4
2025-03-14,跨市,515660,248,沪深300E,92229.42
2025-03-14,跨市,515680,249,创新央企,127826.47
2025-03-14,跨市,515700,250,新能车,142951.02
2025-03-14,跨市,515710,251,食品ETF,146209.98
2025-03-14,跨市,515750,252,科技50,47214.05
2025-03-14,跨市,515760,253,浙江国资,14388.81
2025-03-14,跨市,515770,254,MSCIAETF,7272.73
2025-03-14,跨市,515780,255,浦银MSCI,578.52
2025-03-14,跨市,515790,256,光伏ETF,1500749.4
2025-03-14,跨市,515800,257,800ETF,493693.72
2025-03-14,跨市,515810,258,ZZ800ETF,21290.88
2025-03-14,跨市,515850,259,证券龙头,17179.1
2025-03-14,跨市,515860,260,科技100,15387.89
2025-03-14,跨市,515880,261,通信ETF,250146.23
2025-03-14,跨市,515890,262,红利博时,54344.39
2025-03-14,跨市,515900,263,央创ETF,247764.65
2025-03-14,跨市,515910,264,质量ETF,46150.7
2025-03-14,跨市,515920,265,智能消费,21140.57
2025-03-14,跨市,515950,266,医药龙头,78420.06
2025-03-14,跨市,515960,267,医药100,31399.19
2025-03-14,跨市,515980,268,人工智能,271306.45
2025-03-14,跨市,515990,269,添富国企,8035.02
2025-03-14,跨市,516000,270,数据ETF,47585.5
2025-03-14,跨市,516010,271,游戏ETF,125869.3
2025-03-14,跨市,516020,272,化工ETF,67532.62
2025-03-14,跨市,516050,273,科技龙头,60522.8
2025-03-14,跨市,516060,274,新药ETF,24323.74
2025-03-14,跨市,516070,275,碳中和50,59864.6
2025-03-14,跨市,516080,276,创新医药,75655.48
2025-03-14,跨市,516090,277,新能源E,182884.48
2025-03-14,跨市,516100,278,科技金融,20675.97
2025-03-14,跨市,516110,279,汽车ETF,50162.31
2025-03-14,跨市,516120,280,化工50,28408.2
2025-03-14,跨市,516130,281,消费龙头,13189
2025-03-14,跨市,516150,282,稀土基金,163657.7
2025-03-14,跨市,516160,283,新能源,247664.2
2025-03-14,跨市,516180,284,光伏产业,10898.7
2025-03-14,跨市,516190,285,文娱ETF,1941.85
2025-03-14,跨市,516200,286,证券行业,37560.4
2025-03-14,跨市,516210,287,银行股,9133.1
2025-03-14,跨市,516220,288,化工龙头,18317
2025-03-14,跨市,516260,289,物联网50,11588.26
2025-03-14,跨市,516270,290,新能源50,46490.9
2025-03-14,跨市,516290,291,光伏基金,51719.69
2025-03-14,跨市,516300,292,中证1000,5301.26
2025-03-14,跨市,516310,293,银行指基,97375.85
2025-03-14,跨市,516320,294,装备ETF,11258.93
2025-03-14,跨市,516330,295,物联网,4327.13
2025-03-14,跨市,516350,296,芯片50,112641.53
2025-03-14,跨市,516360,297,新材料,8555.18
2025-03-14,跨市,516380,298,智能电车,12244.93
2025-03-14,跨市,516390,299,电动车,51426.1
2025-03-14,跨市,516480,300,新材料基,1814.61
2025-03-14,跨市,516500,301,生物ETF,18093.72
2025-03-14,跨市,516510,302,云计算,300889
2025-03-14,跨市,516520,303,智能驾驶,35576.55
2025-03-14,跨市,516530,304,物流快递,8080.23
2025-03-14,跨市,516550,305,农业ETF,33441.44
2025-03-14,跨市,516560,306,养老ETF,13925.8
2025-03-14,跨市,516570,307,石化ETF,8035.76
2025-03-14,跨市,516580,308,新能源BS,22712.41
2025-03-14,跨市,516590,309,电动汽车,9801.5
2025-03-14,跨市,516600,310,消服ETF,15533.21
2025-03-14,跨市,516610,311,医服ETF,17597.48
2025-03-14,跨市,516620,312,影视ETF,5726.75
2025-03-14,跨市,516630,313,云计算50,58215.6
2025-03-14,跨市,516640,314,芯片龙头,158448.28
2025-03-14,跨市,516650,315,有色50,10446.48
2025-03-14,跨市,516660,316,新能汽车,44168.9
2025-03-14,跨市,516670,317,畜牧养殖,108326.63
2025-03-14,跨市,516700,318,数据产业,11662.2
2025-03-14,跨市,516710,319,新材料50,8827.2
2025-03-14,跨市,516720,320,ESGETF,2733.78
2025-03-14,跨市,516730,321,证券公司,8738.08
2025-03-14,跨市,516750,322,建材ETF,10216.73
2025-03-14,跨市,516760,323,养殖ETF,24921.51
2025-03-14,跨市,516770,324,游戏动漫,9504.8
2025-03-14,跨市,516780,325,稀土ETF,73454.98
2025-03-14,跨市,516790,326,保健ETF,20478.22
2025-03-14,跨市,516800,327,智能制造,14515.4
2025-03-14,跨市,516810,328,农业,24147.89
2025-03-14,跨市,516820,329,医疗创新,521341.52
2025-03-14,跨市,516830,330,300ESG,19217.69
2025-03-14,跨市,516850,331,新能源80,17923.7
2025-03-14,跨市,516860,332,金融科技,64952.2
2025-03-14,跨市,516880,333,光伏50,123994.41
2025-03-14,跨市,516890,334,新材ETF,4731.14
2025-03-14,跨市,516900,335,食品50,10022.9
2025-03-14,跨市,516910,336,物流ETF,5614.18
2025-03-14,跨市,516920,337,芯片基金,63096.3
2025-03-14,跨市,516930,338,生科ETF,7463.96
2025-03-14,跨市,516950,339,基建ETF,58782.1
2025-03-14,跨市,516960,340,机械ETF,2605.11
2025-03-14,跨市,516970,341,基建50,249404.25
2025-03-14,跨市,516980,342,证券先锋,3401.6
2025-03-14,其他,517000,343,沪港深,43279.3
2025-03-14,其他,517010,344,HGS500E,7214.42
2025-03-14,其他,517030,345,HGS300,6904.03
2025-03-14,其他,517050,346,互联网50,54960.5
2025-03-14,其他,517080,347,HGS500,47316.6
2025-03-14,其他,517090,348,共赢ETF,32907.5
2025-03-14,其他,517100,349,AH500ETF,35060.21
2025-03-14,其他,517110,350,创新药HK,50509.85
2025-03-14,其他,517120,351,创新药50,58696.64
2025-03-14,其他,517160,352,长江ETF,184077.75
2025-03-14,其他,517170,353,沪港深E,5113.18
2025-03-14,其他,517180,354,中国国企,76949.63
2025-03-14,其他,517200,355,互联网,17478.2
2025-03-14,其他,517300,356,AH300ETF,333643.45
2025-03-14,其他,517330,357,长江保护,183116.9
2025-03-14,其他,517350,358,中概科技,11954.2
2025-03-14,其他,517360,359,AH科技,4458.3
2025-03-14,其他,517380,360,创新药AH,42032.63
2025-03-14,其他,517390,361,云计算AH,29711.26
2025-03-14,其他,517400,362,黄金股票,24779.2
2025-03-14,其他,517520,363,黄金股,200190.4
2025-03-14,其他,517550,364,消费主题,6091.74
2025-03-14,其他,517660,365,物联网AH,4228.07
2025-03-14,其他,517770,366,游戏传媒,2894.78
2025-03-14,其他,517800,367,AI50,37653.97
2025-03-14,其他,517850,368,张江ETF,6818.52
2025-03-14,其他,517880,369,品牌消费,4133.71
2025-03-14,其他,517900,370,银行优选,9299.35
2025-03-14,其他,517990,371,医药基金,4898.79
2025-03-14,单市,518600,372,上海金,13669.36
2025-03-14,单市,518660,373,工银黄金,25185.27
2025-03-14,单市,518680,374,金ETF,18085.8
2025-03-14,单市,518800,375,黄金基金,159161.99
2025-03-14,单市,518850,376,黄金9999,34447.87
2025-03-14,单市,518860,377,上海金E,14685.98
2025-03-14,单市,518880,378,黄金ETF,539974.08
2025-03-14,单市,518890,379,中银黄金,14065.48
2025-03-14,跨境,520500,380,恒生新药,15030.5
2025-03-14,跨境,520520,381,HK消费,6460.6
2025-03-14,跨境,520550,382,红利恒生,18052.4
2025-03-14,跨境,520580,383,新兴亚洲,62198.39
2025-03-14,跨境,520600,384,汽车港股,63186.8
2025-03-14,跨境,520660,385,港红利NF,119748.55
2025-03-14,跨境,520700,386,创新药WJ,9307.6
2025-03-14,跨境,520830,387,沙特ETF,61611.9
2025-03-14,跨境,520890,388,港红利,5800.8
2025-03-14,跨境,520900,389,红利香港,328667.5
2025-03-14,跨境,520990,390,国新红利,521047.05
2025-03-14,单市,530000,391,50ETF基,167802.94
2025-03-14,单市,530050,392,SH50ETF,19081.3
2025-03-14,单市,530080,393,180指基,7891.7
2025-03-14,单市,530180,394,上证180,21195.2
2025-03-14,单市,530280,395,180ETF指,1493.4
2025-03-14,单市,530300,396,180指数,25564.3
2025-03-14,单市,530580,397,180基金,37314.9
2025-03-14,单市,530680,398,180E,76489.19
2025-03-14,单市,530800,399,上180ETF,5420.18
2025-03-14,单市,530880,400,上证红利,15133.6
2025-03-14,跨市,560000,401,智慧电车,1502.29
2025-03-14,跨市,560010,402,1000基金,951962.17
2025-03-14,跨市,560020,403,红利添富,6756.2
2025-03-14,跨市,560030,404,800价值,3043.2
2025-03-14,跨市,560050,405,MSCIA50,607593.44
2025-03-14,跨市,560060,406,碳中和基,31609
2025-03-14,跨市,560070,407,央企分红,32526.23
2025-03-14,跨市,560080,408,中药ETF,199126.5
2025-03-14,跨市,560090,409,证券指数,154136.5
2025-03-14,跨市,560100,410,增强ETF,8808.03
2025-03-14,跨市,560110,411,ZZ1000,25690.35
2025-03-14,跨市,560150,412,红利TK,74227.93
2025-03-14,跨市,560170,413,央企科技,136199.55
2025-03-14,跨市,560180,414,ESG300,3310.3
2025-03-14,跨市,560190,415,公用事业,9533.4
2025-03-14,跨市,560220,416,2000基金,4871.7
2025-03-14,跨市,560260,417,医疗50,201566.47
2025-03-14,跨市,560280,418,工程机械,15775.2
2025-03-14,跨市,560300,419,电信50,6080.34
2025-03-14,跨市,560330,420,300价值E,22413
2025-03-14,跨市,560350,421,A50指数,303153.21
2025-03-14,跨市,560360,422,软件指数,12334.5
2025-03-14,跨市,560380,423,A100,20086.1
2025-03-14,跨市,560500,424,500质量,56633.9
2025-03-14,跨市,560510,425,中证A500,770302.69
2025-03-14,跨市,560520,426,红利大成,475.1
2025-03-14,跨市,560530,427,A500ETF,1039962.37
2025-03-14,跨市,560550,428,碳中和,57759.74
2025-03-14,跨市,560560,429,碳中和TK,12919.01
2025-03-14,跨市,560580,430,电力指基,4300.3
2025-03-14,跨市,560590,431,1000鹏华,1371
2025-03-14,跨市,560610,432,A500指数,1209198.84
2025-03-14,跨市,560620,433,公用WJ,7586.7
2025-03-14,跨市,560650,434,核心50,1241.92
2025-03-14,跨市,560660,435,云50ETF,6296.9
2025-03-14,跨市,560680,436,龙头消费,15072.56
2025-03-14,跨市,560690,437,电信主题,2113.9
2025-03-14,跨市,560700,438,央红利50,101253.69
2025-03-14,跨市,560750,439,A500申万,23155.48
2025-03-14,跨市,560780,440,半导设备,15349.6
2025-03-14,跨市,560800,441,数字ETF,94195.11
2025-03-14,跨市,560810,442,央企ESG,52511.6
2025-03-14,跨市,560850,443,信创50,20316.4
2025-03-14,跨市,560860,444,工业有色,63223.3
2025-03-14,跨市,560880,445,家电基金,31073.2
2025-03-14,跨市,560890,446,红利DB,7998.12
2025-03-14,跨市,560900,447,创新药企,4896.91
2025-03-14,跨市,560950,448,500增,4148.3
2025-03-14,跨市,560960,449,碳60ETF,3159.89
2025-03-14,跨市,560980,450,光伏龙头,32402.2
2025-03-14,跨市,560990,451,科技先锋,3518.71
2025-03-14,跨市,561000,452,300指增,12992
2025-03-14,跨市,561010,453,软件开发,10335.6
2025-03-14,跨市,561060,454,红利国企,5306.5
2025-03-14,跨市,561100,455,电子龙头,57474.69
2025-03-14,跨市,561120,456,家电ETF,9115.99
2025-03-14,跨市,561130,457,国货ETF,21393.52
2025-03-14,跨市,561160,458,锂电池,128483.5
2025-03-14,跨市,561170,459,绿电50,12753.27
2025-03-14,跨市,561180,460,A100ETF,12160.96
2025-03-14,跨市,561190,461,双碳ETF,89631.8
2025-03-14,跨市,561200,462,A100基金,4147.05
2025-03-14,跨市,561230,463,A50,211647.78
2025-03-14,跨市,561260,464,能源ETF,7929.52
2025-03-14,跨市,561280,465,增强1000,3384.77
2025-03-14,跨市,561300,466,300增ETF,217696.5
2025-03-14,跨市,561310,467,消电ETF,8691.66
2025-03-14,跨市,561320,468,交运ETF,7736.9
2025-03-14,跨市,561330,469,矿业ETF,7169.61
2025-03-14,跨市,561350,470,国泰500,13070
2025-03-14,跨市,561360,471,石油ETF,9014.8
2025-03-14,跨市,561370,472,2000ETF,1235.6
2025-03-14,跨市,561380,473,电网ETF,8741.36
2025-03-14,跨市,561500,474,漂亮50,10560.03
2025-03-14,跨市,561510,475,中医药,8620.6
2025-03-14,跨市,561550,476,500指增,73648.96
2025-03-14,跨市,561560,477,电力ETF,48612.42
2025-03-14,跨市,561570,478,油气基金,814.7
2025-03-14,跨市,561580,479,央企红利,47087.07
2025-03-14,跨市,561590,480,1000增强,3399.96
2025-03-14,跨市,561600,481,消费电子,20027.4
2025-03-14,跨市,561700,482,电力基金,13431.36
2025-03-14,跨市,561760,483,油气博时,2719.5
2025-03-14,跨市,561780,484,1000指增,1295.58
2025-03-14,跨市,561790,485,现代能源,4793.4
2025-03-14,跨市,561800,486,稀金属,16807.72
2025-03-14,跨市,561880,487,A100指数,40038.9
2025-03-14,跨市,561900,488,沪深ESG,5933.44
2025-03-14,跨市,561910,489,电池ETF,128207.66
2025-03-14,跨市,561920,490,疫苗龙头,2969.2
2025-03-14,跨市,561930,491,招商300,59826.06
2025-03-14,跨市,561950,492,500增强A,7215.6
2025-03-14,跨市,561960,493,央企回报,9458.52
2025-03-14,跨市,561980,494,芯片设备,57611
2025-03-14,跨市,561990,495,300增强,89864.92
2025-03-14,跨市,562000,496,中证A100,276036.89
2025-03-14,跨市,562010,497,绿色能源,2329.87
2025-03-14,跨市,562030,498,信创基金,5648.69
2025-03-14,跨市,562060,499,标普红利,142289.63
2025-03-14,跨市,562260,500,汽配ETF,1133.15
2025-03-14,跨市,562300,501,低碳ETF,11549.5
2025-03-14,跨市,562310,502,300成长,117857.23
2025-03-14,跨市,562320,503,300价值A,17529.55
2025-03-14,跨市,562330,504,500价值,1801.89
2025-03-14,跨市,562340,505,500成长,1714.43
2025-03-14,跨市,562350,506,电力,5041.09
2025-03-14,跨市,562360,507,机器人YH,43347.4
2025-03-14,跨市,562380,508,科技引领,27812.89
2025-03-14,跨市,562390,509,中药,6642.9
2025-03-14,跨市,562500,510,机器人,1287868.73
2025-03-14,跨市,562510,511,旅游ETF,97309.5
2025-03-14,跨市,562520,512,1000成长,5056.8
2025-03-14,跨市,562530,513,1000价值,5114.4
2025-03-14,跨市,562550,514,绿电ETF,10291.93
2025-03-14,跨市,562560,515,信息技术,2576.55
2025-03-14,跨市,562570,516,信创ETF,35428.1
2025-03-14,跨市,562580,517,可选消费,2422.33
2025-03-14,跨市,562590,518,半导材料,30066.3
2025-03-14,跨市,562600,519,医疗器械,7493.74
2025-03-14,跨市,562660,520,ZZ2000,11887.4
2025-03-14,跨市,562700,521,汽车零件,2975
2025-03-14,跨市,562800,522,稀有金属,217889.5
2025-03-14,跨市,562810,523,上证增强,51295.1
2025-03-14,跨市,562820,524,集成电路,4013.6
2025-03-14,跨市,562850,525,央企能源,13398.15
2025-03-14,跨市,562860,526,生物疫苗,45289.5
2025-03-14,跨市,562880,527,电池基金,68089.96
2025-03-14,跨市,562890,528,A50中证,43105.1
2025-03-14,跨市,562900,529,现代农业,11370.63
2025-03-14,跨市,562910,530,高端制造,16322.73
2025-03-14,跨市,562920,531,信息安全,6406.9
2025-03-14,跨市,562930,532,软件30,16743.7
2025-03-14,跨市,562950,533,消电50,32825.83
2025-03-14,跨市,562960,534,绿色电力,7789.1
2025-03-14,跨市,562970,535,光伏E,16844.8
2025-03-14,跨市,562990,536,碳中和E,146975.6
2025-03-14,跨市,563000,537,中国A50,515845.11
2025-03-14,跨市,563010,538,电信ETF,13118.93
2025-03-14,跨市,563020,539,低波红利,107391
2025-03-14,跨市,563030,540,增强500,14666.9
2025-03-14,跨市,563050,541,科技央企,32820.84
2025-03-14,跨市,563080,542,中证A50E,357658.84
2025-03-14,跨市,563090,543,上50增强,5884.8
2025-03-14,跨市,563150,544,油气资源,3039.9
2025-03-14,跨市,563180,545,高股息,28342
2025-03-14,跨市,563200,546,2000指数,1945.88
2025-03-14,跨市,563210,547,专精特新,3206.7
2025-03-14,跨市,563220,548,A500富国,1881501.37
2025-03-14,跨市,563280,549,A50增强,1120.66
2025-03-14,跨市,563300,550,中证2000,262117.4
2025-03-14,跨市,563330,551,A股ETF,3076.06
2025-03-14,跨市,563350,552,中证A50,89999.76
2025-03-14,跨市,563360,553,A500基金,1561698.74
2025-03-14,跨市,563500,554,A500华宝,172697.94
2025-03-14,跨市,563520,555,300永赢,132406.5
2025-03-14,跨市,563800,556,A500龙头,2077097.81
2025-03-14,跨市,563860,557,A500海富,119984.43
2025-03-14,跨市,563880,558,A500添富,815899.64
2025-03-14,单市,588000,559,科创50,7269116.82
2025-03-14,单市,588010,560,科创材料,44792.58
2025-03-14,单市,588020,561,科创50E,24979.1
2025-03-14,单市,588030,562,科创指基,724783.81
2025-03-14,单市,588050,563,科创ETF,1102924.13
2025-03-14,单市,588060,564,上证科创,815514
2025-03-14,单市,588070,565,科创万家,3643.7
2025-03-14,单市,588080,566,科创板50,5440662.81
2025-03-14,单市,588090,567,科创板,410107.28
2025-03-14,单市,588100,568,科创信息,20724.87
2025-03-14,单市,588110,569,科创成长,17875.8
2025-03-14,单市,588120,570,科100ETF,111081.1
2025-03-14,单市,588150,571,科创龙头,37543.26
2025-03-14,单市,588160,572,科创新材,23799.6
2025-03-14,单市,588180,573,科创50基,489635.37
2025-03-14,单市,588190,574,科创100,414761.83
2025-03-14,单市,588200,575,科创芯片,1459589.48
2025-03-14,单市,588210,576,科创100E,27825.4
2025-03-14,单市,588220,577,科创100F,543719.79
2025-03-14,单市,588230,578,科创200,24593.9
2025-03-14,单市,588240,579,科200,11063.3
2025-03-14,单市,588260,580,科创技术,10074.6
2025-03-14,单市,588280,581,科创五零,55612.1
2025-03-14,单市,588290,582,芯片科创,152139.7
2025-03-14,跨市,588300,583,双创ETF,304321.05
2025-03-14,跨市,588310,584,双创基金,11463.75
2025-03-14,跨市,588320,585,双创增强,2982.46
2025-03-14,跨市,588330,586,双创龙头,199973.78
2025-03-14,跨市,588350,587,双创,172454.6
2025-03-14,跨市,588360,588,创创ETF,73708.18
2025-03-14,跨市,588370,589,科创策略,11827.2
2025-03-14,跨市,588380,590,创50ETF,415177
2025-03-14,跨市,588390,591,科创创业,40493.59
2025-03-14,跨市,588400,592,双创50,313260.06
2025-03-14,跨市,588450,593,科创50增,6956.87
2025-03-14,跨市,588460,594,科创增强,53401.4
2025-03-14,跨市,588500,595,科创100Z,10264.7
2025-03-14,跨市,588680,596,科100增,2936.1
2025-03-14,单市,588700,597,科创生物,40283.62
2025-03-14,单市,588730,598,科创AI,36139.63
2025-03-14,单市,588750,599,科创芯50,119822.8
2025-03-14,单市,588760,600,AI科创,196953.2
2025-03-14,单市,588780,601,芯片设计,16595.1
2025-03-14,单市,588790,602,科创智能,201969.2
2025-03-14,单市,588800,603,科创100C,367737.7
2025-03-14,单市,588810,604,科创板芯,7532.4
2025-03-14,单市,588820,605,科创200E,2540
2025-03-14,单市,588830,606,科创新能,41684.79
2025-03-14,单市,588840,607,50科创,23223.6
2025-03-14,单市,588860,608,科创医药,40244.47
2025-03-14,单市,588870,609,科创50指,11955.2
2025-03-14,单市,588880,610,科创指数,27636.8
2025-03-14,单市,588890,611,科创芯,28481
2025-03-14,单市,588900,612,科创100N,28978.3
2025-03-14,单市,588930,613,科创板AI,53732.9
2025-03-14,单市,588950,614,景顺科创,18572.97
2025-03-14,单市,588960,615,新能科创,2657.98
2025-03-14,单市,588990,616,科芯片,14174.54
2025-03-14,单市,589000,617,科创综指,78750.78
2025-03-14,单市,589080,618,科创综E,75806.1
2025-03-14,单市,589500,619,科综工银,48006.4
2025-03-14,单市,589520,620,AI科创板,23405.23
2025-03-14,单市,589600,621,富国科综,145553.5
2025-03-14,单市,589630,622,科综国泰,133262.9
2025-03-14,单市,589660,623,综指科创,55753
2025-03-14,单市,589680,624,科创综Z,168494.37
2025-03-14,单市,589770,625,科创全指,45356.92
2025-03-14,单市,589800,626,科创综合,121998.82
2025-03-14,单市,589860,627,天弘科综,93822.4
2025-03-14,单市,589880,628,科创综,94999.6
2025-03-14,单市,589890,629,景顺科综,78498.7
2025-03-14,单市,589900,630,博时科综,109090.82
2025-03-14,单市,589990,631,科创板综,44609
